100 10
5 4 6 5 1 6 5 2 7 4 
0 1 6
9 12 8
1 3 10
4 8 2
15 19 1
15 18 9
18 18 9
22 3 6
17 18 1
9 10 3
15 18 1
20 0 10
18 22 4
17 21 10
23 3 9
18 23 3
1 4 9
7 10 6
18 21 9
21 23 10
20 0 4
15 18 10
12 14 6
3 7 7
21 22 3
3 7 7
2 5 8
20 23 5
11 14 6
8 12 3
17 19 6
1 4 5
16 16 9
7 10 7
12 14 8
18 20 9
17 22 6
11 14 2
9 10 10
12 16 8
7 10 1
7 9 8
6 10 10
3 4 9
20 23 8
6 9 4
20 22 8
21 0 7
11 14 10
21 23 4
22 0 3
5 6 10
5 9 3
22 0 4
19 22 1
0 1 8
1 5 7
22 2 1
14 16 3
11 14 9
2 5 9
20 22 8
23 1 2
23 3 2
1 3 8
22 1 6
0 5 8
6 9 10
5 9 7
4 6 5
21 23 1
1 4 3
19 23 6
2 5 9
11 15 4
14 17 3
15 19 9
1 2 10
11 15 4
2 5 9
22 1 3
1 3 4
9 12 2
17 17 10
23 2 4
20 23 3
23 1 3
15 17 7
1 3 1
4 7 5
18 20 7
9 11 8
7 10 3
3 4 1
13 16 5
10 12 8
9 12 8
9 11 10
14 18 3
13 15 8
