90 4
2 1 4 4 
3 6 1
11 14 4
14 16 4
20 22 3
6 10 3
23 3 4
16 18 3
13 18 3
7 10 2
14 19 2
9 12 3
1 5 2
7 11 1
10 12 1
15 19 1
0 2 3
17 21 4
18 20 3
10 12 2
20 0 2
6 10 1
9 12 3
16 18 3
6 9 3
4 8 2
14 16 4
3 7 2
8 11 4
9 12 4
17 20 1
22 2 2
3 6 1
7 9 3
9 13 4
13 17 1
4 8 2
8 12 4
21 23 4
7 11 2
16 20 1
12 16 2
23 3 1
2 7 1
15 18 3
7 10 3
19 21 3
4 8 2
15 18 3
4 5 3
17 21 2
13 15 3
13 15 2
1 5 3
1 4 1
11 15 2
23 1 3
19 20 3
11 15 2
8 11 4
12 15 4
7 10 2
17 20 3
0 3 4
20 2 2
20 20 1
22 2 4
15 17 3
13 16 2
9 12 1
17 20 1
0 3 1
2 4 4
4 6 3
2 6 4
13 16 1
6 8 2
18 20 2
2 6 1
6 11 1
3 6 3
2 7 1
20 22 4
6 11 3
16 19 2
13 17 2
7 9 3
6 9 1
4 7 4
7 10 3
16 20 1
