70 6
5 5 5 5 1 6 
13 17 1
13 15 2
21 1 2
4 7 4
20 23 5
7 9 2
5 7 3
11 14 6
17 20 2
22 0 2
22 2 3
18 21 3
4 8 5
14 17 6
8 10 4
22 1 2
13 16 3
10 15 6
2 5 2
22 1 3
13 15 3
18 21 1
14 17 5
19 22 5
20 23 3
12 15 5
14 19 6
12 15 6
9 10 6
18 22 5
1 3 3
18 22 3
2 7 1
10 14 1
10 14 1
17 22 4
12 17 5
19 22 1
14 16 6
12 16 2
7 12 5
3 8 3
23 1 6
18 21 6
4 8 1
11 15 1
20 0 6
18 21 5
10 13 6
9 12 3
16 20 1
23 2 4
10 11 2
12 15 2
18 20 1
2 4 3
23 3 2
6 9 2
1 5 5
3 7 2
5 8 4
6 9 6
0 5 2
14 16 1
20 0 4
14 17 5
10 12 2
0 3 6
0 3 2
22 2 6
