90 10
6 8 5 8 8 10 8 4 1 5 
8 11 6
10 13 1
18 20 5
13 14 9
9 14 7
10 14 10
14 17 9
22 2 10
10 14 6
15 19 9
22 2 2
19 0 6
15 19 10
17 20 5
1 5 6
16 19 7
2 6 1
22 2 9
16 20 7
20 23 8
1 3 5
13 15 2
21 0 1
16 19 10
11 14 9
3 8 8
18 20 7
14 17 1
16 19 7
3 5 2
21 0 5
5 8 5
5 9 9
20 0 1
18 19 1
3 6 9
11 14 2
17 19 6
20 23 3
19 22 10
0 3 1
11 15 10
19 22 6
19 22 1
22 0 1
0 3 8
21 1 7
12 16 6
16 18 4
13 14 2
5 7 6
7 10 1
11 14 4
6 11 8
9 13 10
4 7 9
8 10 2
20 0 8
13 14 2
8 13 5
23 3 1
16 21 3
21 23 1
8 11 2
1 4 6
9 11 10
23 3 2
4 8 2
6 10 5
16 19 6
21 1 7
5 7 5
6 7 5
23 1 9
22 1 5
19 22 3
21 1 7
19 23 4
1 4 10
14 17 3
23 1 4
7 10 4
16 19 8
18 21 2
11 15 4
4 7 5
3 5 4
23 2 8
8 10 5
19 23 9
