200 6
5 2 2 5 6 5 
13 15 3
23 2 4
23 2 1
13 16 3
2 7 4
11 14 2
13 16 2
20 23 5
11 12 6
9 12 1
2 5 4
14 18 6
18 22 1
16 20 6
20 23 5
8 12 2
13 15 3
9 11 1
17 18 6
9 13 6
23 1 5
16 18 5
5 8 2
2 4 4
1 5 3
19 22 2
7 9 2
20 2 5
13 15 5
16 19 3
9 12 3
18 20 5
9 14 6
1 4 3
21 0 5
5 7 5
20 0 2
9 10 1
16 18 3
1 4 6
2 4 2
2 5 2
8 10 3
3 5 6
21 1 4
3 7 3
14 19 4
8 12 1
7 10 5
14 19 1
4 7 1
21 23 4
12 13 2
11 15 5
13 17 4
23 3 5
21 22 4
22 2 2
21 0 5
19 22 6
21 0 6
8 10 3
15 21 4
8 10 1
3 5 4
2 5 4
6 9 4
16 19 1
18 20 3
4 6 4
3 6 6
7 9 4
6 11 6
5 8 5
7 10 6
7 10 6
18 22 2
10 14 1
16 18 4
10 13 3
17 21 6
22 1 2
20 22 1
15 19 1
19 22 1
12 15 4
23 2 1
1 4 3
22 0 2
10 13 6
8 14 4
11 14 3
12 15 2
21 1 3
4 7 4
14 18 4
18 21 6
17 20 3
12 13 4
2 4 3
1 4 2
2 4 3
5 9 3
7 9 5
13 15 5
22 0 6
6 10 1
22 1 6
23 2 1
6 8 1
6 7 4
11 14 3
16 18 2
19 22 1
1 3 5
11 13 2
20 23 6
1 5 5
23 2 6
8 12 3
10 13 5
15 19 3
0 3 5
20 0 3
15 18 1
22 0 1
2 6 2
14 17 1
14 18 2
2 4 1
23 1 2
5 8 2
21 0 6
9 12 4
14 18 5
0 3 6
0 4 6
16 18 1
3 4 4
21 2 2
22 23 2
5 7 6
0 3 1
21 1 5
1 3 6
6 10 6
19 20 1
6 10 4
16 20 3
13 15 6
2 5 6
11 14 1
6 10 2
14 17 5
15 18 4
7 9 3
20 23 3
5 7 4
8 11 3
17 19 3
20 0 2
5 8 3
7 9 2
9 12 3
7 9 4
13 14 4
5 7 3
12 15 6
15 18 4
6 10 2
11 15 3
17 20 1
8 10 4
20 0 1
3 7 3
1 5 1
21 0 3
15 18 1
2 5 2
19 22 4
21 1 1
15 19 6
3 5 1
7 11 4
22 1 3
15 19 3
6 10 5
15 18 1
6 10 3
7 10 3
5 7 1
4 8 1
3 6 1
16 19 5
15 16 5
14 16 5
5 8 6
17 20 6
15 17 1
20 23 6
