90 8
8 6 8 6 5 8 4 5 
1 5 5
9 12 7
6 6 5
11 15 2
21 0 4
10 12 3
1 4 6
3 7 4
15 18 1
19 0 8
13 16 8
19 2 7
5 8 3
19 22 6
15 17 3
12 16 5
4 6 8
20 21 2
7 10 8
11 13 2
22 3 2
0 5 5
23 3 1
4 8 1
18 21 2
9 12 2
19 21 7
2 6 3
6 10 8
8 12 3
20 23 4
20 22 1
14 15 7
14 17 3
22 23 2
15 18 7
16 18 4
20 23 5
11 15 2
16 20 2
14 16 8
7 11 1
15 18 2
3 6 7
9 10 2
13 17 7
13 17 3
20 23 7
6 7 5
11 17 5
0 4 5
10 13 8
12 15 6
22 2 1
23 3 7
9 13 5
19 22 3
7 10 1
8 11 5
4 8 6
13 17 5
22 1 5
9 13 7
10 11 5
16 19 6
20 23 1
8 10 1
16 20 7
23 2 8
9 11 4
9 12 2
20 22 3
10 14 5
10 13 6
8 12 2
9 11 5
14 17 4
18 19 1
15 20 8
16 19 7
10 13 3
16 18 3
0 2 3
10 12 6
4 8 4
13 16 4
12 14 8
1 3 3
7 12 8
1 6 7
