70 8
8 8 8 6 4 8 8 6 
8 10 2
21 23 8
21 1 5
16 19 5
8 9 2
2 7 2
14 16 6
3 6 7
5 9 1
23 23 3
8 12 3
23 3 8
3 7 5
17 22 2
5 10 8
14 18 6
20 22 6
20 23 3
7 11 7
11 14 7
1 5 8
1 4 8
20 0 5
18 20 7
23 3 5
23 1 6
14 17 5
6 9 1
5 9 4
8 13 2
15 18 3
13 13 1
20 23 5
14 18 5
13 16 4
16 20 7
14 16 4
10 11 8
19 22 1
9 12 3
15 18 3
1 5 7
23 1 1
9 11 1
10 14 8
9 11 2
15 17 1
3 6 8
16 20 8
9 12 2
22 0 5
17 17 2
7 10 2
7 9 4
12 14 8
2 7 3
2 5 2
20 0 2
16 19 6
21 1 4
11 14 6
18 21 6
8 12 2
17 20 3
1 5 2
6 8 8
14 17 7
0 2 7
18 19 2
12 15 3
