80 4
3 2 4 2 
23 2 1
23 1 4
6 7 4
23 2 1
22 0 1
23 3 2
4 6 4
13 19 2
23 4 3
6 9 3
11 14 1
4 8 4
1 4 2
6 9 1
16 19 1
2 4 2
21 1 1
23 2 1
14 17 2
17 21 3
19 21 1
21 0 2
9 13 1
11 14 4
14 18 2
23 2 4
7 9 4
5 9 2
10 13 4
8 12 3
8 10 2
19 21 3
15 18 2
22 0 3
17 21 1
5 7 1
18 21 1
10 13 2
14 17 2
23 3 3
7 8 4
4 8 1
10 14 4
11 13 1
11 12 3
3 6 4
17 18 1
21 1 3
5 6 4
10 13 4
23 2 1
16 17 4
8 10 2
7 10 4
22 1 3
15 19 2
18 22 1
0 3 4
1 4 2
4 7 1
16 18 4
17 18 2
8 12 4
19 22 3
14 16 3
1 4 1
16 18 4
6 10 3
10 12 2
19 21 2
4 5 2
19 22 1
12 16 2
8 11 4
7 9 3
18 22 2
22 2 1
8 10 1
17 19 3
15 19 1
