90 6
4 3 5 5 2 5 
3 7 5
17 20 2
21 23 4
1 3 2
12 14 3
19 21 1
14 16 3
9 12 3
19 23 5
0 3 2
1 4 2
15 18 6
19 21 5
9 12 4
5 9 3
20 0 2
22 3 4
18 21 2
3 6 6
6 11 3
5 9 1
19 22 4
21 2 1
5 8 6
8 12 1
18 19 1
14 17 4
16 18 4
0 3 4
13 17 5
21 23 3
19 20 6
14 18 5
13 14 3
10 13 6
3 6 4
4 7 1
10 12 1
6 9 4
17 19 3
5 8 5
3 6 4
10 14 4
16 20 6
22 0 5
14 16 6
16 19 5
13 17 5
5 9 6
3 7 2
20 23 5
20 22 2
3 5 2
13 17 4
3 6 1
17 18 1
21 1 6
5 8 2
6 9 4
6 8 5
18 21 1
14 18 3
10 15 1
18 20 5
23 1 5
18 20 2
19 22 3
1 4 1
23 2 6
0 3 2
11 14 1
22 1 3
16 18 3
12 16 6
0 3 3
0 2 3
7 9 1
9 13 5
8 12 4
4 7 5
1 5 6
7 11 2
6 9 6
22 2 6
14 17 4
8 13 1
12 15 6
18 22 3
14 17 4
2 4 5
