80 8
6 5 3 7 2 4 5 1 
23 3 8
0 3 2
2 8 1
10 13 4
20 1 1
18 21 7
5 7 5
21 22 1
6 9 5
18 19 1
12 15 2
7 10 4
20 23 1
22 2 4
12 16 1
14 16 1
21 1 1
4 7 2
20 1 7
13 16 6
10 12 8
17 18 4
6 9 8
7 10 2
1 5 1
21 0 2
4 8 7
2 5 2
9 13 6
16 18 2
21 1 3
0 1 4
13 16 6
14 17 3
10 12 3
3 8 7
12 15 8
9 11 4
13 18 5
22 1 6
18 20 3
23 1 2
19 23 2
3 4 7
23 3 4
17 22 7
22 1 7
21 23 1
12 15 4
12 17 4
10 12 2
22 0 1
22 1 3
20 0 3
1 4 5
6 8 2
2 6 5
15 17 6
10 11 8
13 16 6
11 14 8
5 8 7
20 23 3
16 20 8
21 1 3
14 16 3
2 5 6
11 13 2
16 20 2
5 7 7
13 17 5
11 16 3
9 12 4
21 23 4
20 23 4
15 18 6
4 6 4
4 7 5
14 15 3
16 18 8
