100 6
2 1 3 3 1 5 
13 16 3
20 22 1
20 23 4
18 22 3
1 2 3
4 6 5
11 15 6
10 13 4
13 19 3
6 9 3
11 16 3
18 22 6
16 20 5
6 10 1
2 4 2
9 12 3
19 23 4
11 14 6
7 11 2
7 11 1
0 4 4
7 10 3
4 8 5
6 9 5
3 6 2
1 3 1
7 12 5
11 14 5
16 19 4
21 0 5
6 8 4
23 3 1
20 22 5
19 20 1
14 17 2
9 12 4
0 3 3
2 5 4
5 8 4
18 21 5
19 23 1
18 22 6
7 11 5
8 11 1
10 12 6
17 20 3
1 4 1
17 19 1
13 15 2
2 4 1
10 13 3
3 5 4
17 20 3
13 15 4
17 19 1
16 20 4
12 13 4
14 16 2
0 3 1
8 12 1
23 4 5
12 15 1
0 3 2
16 18 6
23 2 4
20 23 1
3 7 6
17 20 1
3 5 1
10 13 4
15 18 5
11 14 4
20 0 5
2 5 3
9 13 5
17 20 4
10 12 3
12 16 4
5 8 5
21 23 1
17 21 4
18 19 3
17 19 2
22 3 5
20 23 5
17 20 5
6 10 3
22 2 3
19 21 6
16 19 4
11 14 6
12 15 3
10 10 6
19 23 3
7 10 1
5 8 1
13 17 2
14 16 5
20 23 3
0 3 4
