100 8
3 3 6 7 3 3 4 6 
11 14 8
10 13 5
0 3 6
0 2 4
6 8 3
2 4 6
13 15 4
9 11 4
10 13 4
17 19 8
0 2 8
16 20 7
6 8 3
13 17 5
12 16 3
3 8 8
15 18 1
13 16 6
10 14 3
8 8 2
8 11 8
12 14 8
7 10 3
1 4 2
16 19 6
14 17 5
15 16 2
8 11 1
17 19 5
1 6 7
10 12 3
22 1 4
3 5 7
19 23 4
8 12 1
18 20 3
4 6 5
15 18 4
0 5 3
6 10 2
20 22 1
6 8 5
2 4 2
17 22 3
13 16 7
18 21 1
11 14 6
11 13 8
15 19 5
8 12 5
9 11 2
15 18 7
20 0 3
23 1 5
12 14 7
10 11 4
5 8 2
1 5 5
12 17 3
19 20 1
18 21 6
9 11 2
19 23 2
7 9 6
0 2 8
20 23 1
18 21 4
10 13 7
0 4 7
8 11 8
12 14 2
6 9 1
15 17 2
14 17 8
12 14 4
6 8 6
22 23 3
4 9 1
13 17 6
11 14 5
20 23 5
18 23 8
13 17 2
11 13 4
6 10 5
10 12 3
1 2 4
3 7 4
4 7 2
23 1 8
19 21 1
11 15 8
3 5 4
18 21 3
23 4 8
10 14 5
8 11 6
5 7 3
0 2 4
2 5 3
