200 10
7 3 4 1 9 4 6 10 10 8 
22 0 3
7 10 9
18 19 9
14 17 5
7 10 5
19 23 1
21 1 8
7 8 6
5 7 8
16 18 2
21 1 6
0 4 3
11 15 1
8 10 8
2 7 3
2 6 10
12 16 8
20 23 1
14 16 1
8 10 7
0 2 8
13 16 8
16 20 3
15 18 8
12 16 4
17 22 7
2 5 5
10 14 10
14 17 9
3 6 5
1 4 5
13 16 7
12 17 8
4 7 9
13 15 2
23 3 10
21 0 1
2 4 5
11 16 7
2 4 9
6 9 8
18 20 6
6 9 4
20 22 3
0 0 10
9 13 2
21 0 9
10 13 3
19 21 8
18 22 10
9 10 6
1 4 6
3 7 4
5 7 7
10 12 9
15 17 1
22 1 8
19 23 8
10 13 4
13 16 4
5 8 6
19 0 8
3 6 4
18 21 4
1 4 6
1 4 4
10 14 2
8 11 6
11 15 6
16 19 9
22 1 4
21 23 2
8 13 7
8 8 9
17 20 10
1 4 6
5 9 9
2 4 1
5 9 6
0 4 5
9 12 4
12 16 8
14 17 3
21 0 1
16 19 1
20 0 3
1 5 2
2 4 10
23 3 1
16 18 6
19 21 4
8 12 10
3 5 2
10 14 10
3 5 6
21 22 10
14 17 2
19 22 2
15 19 10
5 8 9
7 8 2
8 11 10
19 22 8
5 6 10
1 4 2
12 17 2
12 15 3
8 10 1
13 15 8
12 15 6
0 4 3
23 1 10
6 8 7
22 0 7
2 5 2
8 13 1
15 19 9
22 1 7
3 6 4
23 3 2
3 7 1
18 20 2
6 9 9
0 3 5
14 17 8
7 10 7
4 8 9
21 22 7
20 23 6
12 15 6
16 20 10
5 10 4
16 19 9
19 23 5
9 11 3
2 3 6
3 6 5
23 3 9
23 1 8
1 3 4
0 3 7
3 7 3
18 21 6
20 22 1
3 5 7
12 15 5
9 12 4
3 5 5
12 14 1
5 8 10
3 6 9
4 6 2
16 20 6
7 9 10
12 14 8
22 1 10
6 8 5
4 5 10
19 22 2
22 0 9
5 9 8
4 7 1
18 20 7
9 12 8
22 2 4
15 19 2
3 6 3
15 19 8
17 19 3
17 21 1
6 10 10
14 17 6
3 5 3
1 5 5
2 7 1
0 5 2
15 17 8
14 16 7
6 7 5
23 2 1
3 6 10
17 18 6
11 13 6
10 14 6
15 18 4
23 4 9
13 17 9
7 11 8
1 3 2
20 20 5
0 2 2
3 7 6
6 8 1
3 7 8
12 14 2
2 5 4
15 19 9
4 7 7
6 9 2
6 11 3
