200 4
2 1 2 2 
17 21 4
13 17 1
1 4 4
0 4 2
14 18 4
2 4 2
1 4 2
17 19 3
23 2 4
0 1 1
13 15 4
14 18 1
8 12 1
5 7 1
9 12 3
18 21 1
8 11 3
8 9 3
17 21 1
9 12 2
20 22 2
16 20 3
19 22 3
13 14 4
4 6 3
12 15 2
15 18 3
8 11 1
23 1 1
11 13 2
23 2 4
7 9 1
11 13 1
7 9 4
1 4 2
22 1 2
5 8 3
4 6 4
5 8 4
19 0 3
5 8 4
22 2 2
11 13 4
1 5 1
12 14 4
17 21 4
19 22 3
14 16 1
4 8 1
22 1 3
7 10 1
9 11 1
10 13 4
13 16 2
23 1 1
12 16 2
10 14 2
12 15 3
12 16 4
17 19 3
13 15 1
9 12 1
5 8 2
2 6 2
3 7 4
19 21 4
21 23 1
7 11 2
1 4 3
1 5 4
16 22 2
0 1 4
8 13 4
18 22 4
17 21 3
6 10 3
23 2 4
20 23 2
2 8 4
4 7 3
13 16 4
12 15 3
16 18 1
12 15 4
5 8 2
9 13 1
20 23 2
1 4 4
20 23 1
1 4 4
15 19 4
2 5 4
18 21 2
23 2 4
9 12 3
23 4 2
7 10 1
5 7 3
22 0 1
3 4 3
21 23 1
16 18 2
12 14 2
8 10 4
8 12 1
8 10 3
10 11 4
23 0 2
22 0 1
19 22 2
2 4 2
21 0 3
20 23 3
8 11 4
21 0 1
21 23 1
13 15 2
10 12 1
20 22 1
14 17 2
9 12 3
1 3 2
7 10 2
15 18 2
21 0 2
1 5 4
20 23 1
20 23 3
19 23 4
8 11 4
20 22 3
10 13 1
9 11 4
7 11 4
23 2 3
10 13 4
1 5 1
12 15 3
15 18 4
5 8 1
11 14 2
10 11 4
23 1 1
20 22 3
23 1 3
15 16 4
6 9 4
20 22 4
18 20 3
17 20 3
0 5 2
9 12 4
14 16 1
1 4 4
8 11 2
15 18 1
3 5 1
19 0 2
15 18 2
3 6 1
9 12 1
8 12 3
5 10 3
10 14 4
2 4 3
20 0 4
5 8 2
9 12 4
21 0 1
21 0 4
22 2 2
14 18 1
13 16 3
5 8 1
1 2 2
15 18 2
17 20 4
5 7 3
2 5 3
12 14 1
4 9 4
0 3 2
19 22 2
23 2 2
21 1 1
18 21 2
12 15 1
8 10 1
1 2 2
7 11 1
13 15 2
12 16 4
3 7 2
6 9 2
14 19 2
8 11 2
0 4 2
3 4 2
10 12 1
18 21 3
