200 8
8 5 6 1 5 2 7 4 
10 14 3
4 6 5
18 20 8
23 3 6
6 11 3
12 15 2
13 16 6
4 8 4
1 2 2
6 7 1
19 21 2
11 14 1
4 5 7
16 17 5
18 20 2
4 7 3
10 13 4
20 22 7
21 0 3
1 5 4
19 21 8
11 14 8
6 11 5
8 10 2
5 8 3
18 21 1
12 13 8
18 22 1
17 20 8
12 17 7
1 2 1
6 9 1
18 20 1
19 23 2
4 7 5
9 13 4
20 0 7
15 20 2
12 15 2
8 12 2
3 7 2
13 17 2
16 19 7
11 13 6
23 1 1
1 4 6
21 1 7
11 14 6
17 19 4
14 18 7
12 16 8
1 3 4
19 22 2
14 17 3
10 14 8
18 22 3
12 15 1
7 10 5
17 20 3
7 9 5
23 3 7
22 1 4
18 22 1
19 23 4
22 1 1
20 0 5
7 11 2
7 9 4
0 2 7
17 18 1
18 21 4
2 6 7
18 21 7
0 2 7
14 17 1
16 18 8
4 6 7
16 19 4
23 0 1
3 6 5
14 17 4
15 17 1
2 7 8
5 8 2
17 19 1
4 7 5
7 9 2
12 14 3
14 17 5
6 9 5
3 6 1
7 9 8
4 5 6
15 18 7
8 10 1
9 12 7
18 21 5
3 5 2
9 10 2
16 19 1
20 23 4
9 13 6
6 11 6
17 19 8
9 12 1
21 2 1
18 21 3
2 5 4
6 10 4
9 12 3
4 7 3
6 7 6
8 12 5
20 22 5
18 21 6
23 1 5
15 18 5
19 21 5
14 17 6
17 22 8
2 5 3
0 5 1
9 13 3
6 12 5
17 20 3
13 16 1
17 19 6
22 1 6
5 10 2
19 23 7
13 17 3
9 12 8
22 1 3
4 7 4
0 4 7
12 15 6
17 21 5
0 3 1
8 11 2
11 13 2
11 13 4
10 14 2
20 0 2
18 21 1
4 7 1
15 18 7
2 3 2
8 10 7
4 7 2
21 0 7
9 12 4
0 3 1
23 2 1
20 22 3
11 15 4
5 9 2
3 7 2
4 8 4
10 13 8
4 5 2
7 8 8
0 2 1
18 22 6
13 15 6
9 13 6
5 8 1
21 0 7
4 6 3
8 11 7
22 1 4
18 22 6
22 3 4
6 9 4
9 12 4
7 11 6
22 1 6
12 16 7
21 0 6
23 3 3
17 21 8
19 22 2
9 14 6
3 5 4
23 3 2
13 16 1
10 14 6
6 11 3
15 17 4
5 5 1
23 3 2
22 2 1
15 18 8
20 23 6
7 9 6
14 18 1
22 0 1
19 22 7
10 12 6
1 3 7
23 3 7
