100 4
3 2 3 4 
21 0 4
3 4 2
14 17 2
23 3 2
15 19 3
7 10 4
1 4 4
1 3 1
23 2 1
12 14 3
19 21 1
20 23 4
7 9 3
14 17 2
18 21 2
5 8 2
16 19 4
5 7 4
12 16 3
18 22 1
15 17 4
22 2 4
10 13 4
18 21 1
0 3 1
23 2 2
17 19 4
4 6 3
3 5 2
9 10 1
23 3 4
4 7 2
21 1 1
6 7 3
17 20 1
1 3 1
18 22 4
15 19 2
20 0 2
0 4 1
18 20 2
21 0 3
5 8 2
7 11 3
10 14 1
7 11 2
2 3 1
12 15 1
16 19 3
13 16 4
16 17 1
6 9 1
5 7 4
18 20 4
15 19 2
3 7 4
18 19 3
13 17 2
7 11 3
4 7 4
21 23 3
7 10 1
9 12 4
1 4 1
1 4 2
14 18 3
18 20 3
17 19 3
11 12 3
6 10 4
9 13 2
15 19 1
4 6 2
6 9 3
13 15 1
22 0 3
13 16 4
14 16 3
4 7 4
11 12 3
5 9 3
5 8 4
11 13 3
12 15 4
8 11 2
6 9 3
8 9 2
18 21 3
17 20 2
5 8 2
6 10 4
16 19 1
7 10 1
21 0 2
3 7 3
12 14 3
13 15 2
2 4 3
14 18 4
17 20 4
