70 10
2 2 6 7 7 3 2 1 10 5 
9 11 1
15 17 5
9 11 9
11 16 8
2 5 3
14 15 7
23 1 2
6 9 2
13 17 10
16 20 2
5 8 7
19 23 1
20 23 3
11 15 5
16 20 10
23 1 7
0 3 8
7 9 2
23 2 10
3 5 4
7 11 8
18 22 2
5 9 1
22 4 7
22 1 3
21 1 4
15 19 3
21 23 1
4 8 7
4 7 3
5 9 10
10 13 9
11 15 4
8 13 7
13 15 5
10 12 5
3 5 6
17 18 3
0 1 9
15 17 6
9 12 3
7 11 5
13 16 7
5 7 4
5 9 1
3 5 4
9 13 7
10 12 9
16 18 7
8 11 3
17 22 2
21 0 2
10 12 10
11 13 10
20 22 6
10 13 4
0 1 8
19 22 7
21 0 6
3 6 1
3 7 5
6 10 6
23 3 1
9 13 10
17 19 6
9 11 4
5 9 7
16 19 5
20 0 4
11 15 9
