70 4
1 2 2 3 
7 11 4
16 18 4
15 18 3
21 23 1
8 11 2
4 7 3
11 14 4
0 5 3
11 15 1
0 3 2
13 16 4
1 5 4
3 7 1
11 14 4
12 16 3
19 21 2
17 20 4
18 21 4
12 14 2
17 20 2
10 13 3
5 6 4
1 4 4
8 12 2
19 22 1
5 9 1
10 12 4
4 7 1
6 10 2
16 20 3
20 23 4
10 15 1
3 7 1
22 0 2
15 18 2
1 3 1
10 11 2
19 20 3
1 5 1
0 3 3
10 12 3
12 15 4
22 2 4
15 17 1
14 17 2
22 2 2
3 5 1
1 3 1
12 15 3
9 12 2
2 5 4
0 0 1
5 9 3
16 21 1
22 1 4
17 19 4
10 13 3
20 23 3
15 18 1
0 3 1
13 17 2
20 23 2
8 12 4
23 2 4
4 8 1
3 7 4
0 3 4
13 17 4
13 17 4
3 6 1
