80 10
6 3 9 1 1 5 4 4 4 1 
17 19 6
3 5 7
23 0 6
17 19 1
18 22 5
13 16 10
14 17 9
6 11 9
15 17 4
14 16 6
20 0 2
16 21 10
22 1 3
0 2 8
3 6 6
10 14 6
8 12 6
15 18 1
13 13 3
6 10 6
0 4 3
22 0 8
18 21 4
5 9 4
17 20 7
16 19 3
22 1 8
0 2 5
13 17 1
12 15 3
4 6 7
18 20 8
10 14 1
2 5 10
22 1 8
23 0 3
14 18 5
18 20 3
6 8 7
0 5 6
15 19 4
10 12 2
17 20 1
9 11 2
0 3 9
1 3 10
21 22 7
10 13 6
0 2 5
21 23 2
18 20 1
10 14 6
20 23 7
11 13 8
14 18 6
13 16 7
4 6 1
4 8 7
1 4 6
18 20 6
7 10 10
18 20 1
16 20 3
5 8 4
0 3 2
6 9 10
23 2 5
12 16 2
19 0 1
16 20 7
3 6 5
21 0 7
23 3 9
21 0 9
23 2 10
0 2 3
11 14 9
0 3 7
1 2 8
2 4 8
