80 6
1 5 4 5 4 2 
8 9 2
14 17 6
5 7 1
14 17 3
13 17 1
17 20 6
10 14 6
23 3 6
8 12 6
21 0 2
22 0 1
5 6 1
20 22 1
17 18 6
19 0 2
16 17 5
21 23 5
9 12 1
19 0 5
1 4 4
12 15 2
6 8 4
11 13 2
19 22 5
10 14 4
21 0 6
10 13 5
3 7 6
12 15 4
19 0 3
21 0 4
2 5 3
16 19 2
12 15 4
4 8 6
15 21 2
16 18 2
8 11 2
10 13 6
19 22 2
22 1 2
21 0 3
21 21 4
20 22 5
18 21 2
4 7 3
22 1 4
1 4 6
13 18 1
22 3 6
10 12 6
13 17 2
18 22 1
2 4 2
3 4 4
1 4 2
17 20 5
14 16 3
8 9 1
8 11 3
11 14 5
11 14 3
7 11 1
9 13 6
8 10 2
0 2 5
0 4 2
15 17 3
2 4 6
8 11 3
13 17 5
14 17 6
2 5 4
13 16 2
6 9 2
12 13 4
4 5 4
5 9 3
8 9 1
23 1 2
