100 8
6 4 7 4 6 6 4 7 
5 9 1
15 18 4
15 19 6
18 20 4
23 3 4
23 2 6
8 11 5
17 20 6
5 8 2
18 22 4
8 12 4
15 18 5
20 21 1
19 21 8
17 19 8
7 12 3
18 21 7
18 19 5
13 16 3
11 14 5
1 5 8
16 20 4
1 3 4
21 22 6
15 17 2
9 10 5
20 1 6
20 23 3
15 17 4
22 1 4
5 10 7
11 14 3
7 12 7
14 15 7
8 11 3
0 4 1
10 13 5
3 6 4
7 13 3
20 22 6
14 17 6
12 15 2
10 13 2
20 22 2
7 10 5
21 0 2
5 10 4
6 10 6
12 16 1
13 18 5
8 10 4
3 6 5
23 1 6
8 10 3
9 11 1
4 6 1
13 16 5
15 21 5
9 14 7
20 23 3
0 5 3
2 5 7
18 23 5
18 21 2
17 19 3
5 8 7
13 15 4
13 16 7
2 3 1
14 18 6
3 7 7
17 20 3
11 15 5
5 10 8
4 7 8
7 10 6
17 21 3
15 20 2
11 13 5
2 6 3
0 3 1
8 9 5
5 9 6
14 17 7
23 1 2
5 8 1
14 18 6
22 1 3
12 15 7
2 6 1
16 19 2
8 12 2
20 23 7
15 18 2
23 2 4
3 6 8
17 19 6
20 23 5
10 13 8
5 9 7
