200 4
1 2 4 4 
16 19 1
9 13 3
21 22 3
23 2 2
5 6 4
0 2 4
5 8 2
15 18 3
23 1 4
5 9 4
8 11 4
5 8 4
9 12 1
6 9 2
5 8 1
5 9 3
11 13 1
22 1 3
5 9 3
15 18 4
6 10 3
17 19 2
3 5 2
9 11 3
12 15 3
19 21 2
22 1 3
3 6 3
18 23 4
8 12 3
5 8 1
22 2 2
10 12 3
19 22 2
0 2 2
4 8 4
12 13 4
17 19 2
19 22 3
13 17 3
18 21 4
2 5 2
4 6 1
5 8 3
21 0 3
1 5 3
5 8 4
0 3 1
4 9 3
9 12 2
18 22 1
12 14 4
19 21 3
20 23 4
10 13 4
11 14 3
12 14 3
18 21 1
21 22 3
11 15 1
19 23 2
9 13 4
6 11 2
21 0 3
11 13 1
18 19 4
21 0 2
23 2 4
18 21 2
7 11 1
23 4 4
11 14 3
13 17 4
2 5 3
14 18 1
14 16 2
1 4 2
22 2 1
4 7 1
22 1 3
23 4 2
9 12 2
4 8 1
14 17 1
7 8 2
0 3 2
12 13 2
15 18 3
22 1 3
4 6 1
22 1 4
4 7 1
13 17 3
22 0 1
20 0 2
19 23 3
19 0 2
4 7 4
3 7 1
16 20 4
6 9 3
0 1 3
0 4 3
11 14 3
17 20 2
9 13 4
12 14 4
19 21 1
23 3 1
19 21 1
22 0 1
8 13 1
11 15 2
17 20 4
12 14 2
21 23 3
1 3 2
5 9 2
7 11 4
2 6 3
23 2 1
20 22 4
2 7 4
18 21 2
19 23 1
2 4 1
23 1 2
15 18 4
13 17 1
19 22 2
18 22 1
19 0 1
9 13 4
19 23 4
4 7 3
8 11 3
23 4 4
12 17 2
10 12 3
16 18 3
8 13 2
0 2 1
12 15 3
10 13 1
12 15 2
14 17 2
9 11 4
16 20 3
12 15 3
9 13 3
19 21 2
5 8 1
13 15 1
11 13 3
0 3 1
15 18 2
21 23 3
9 10 4
12 15 1
12 14 3
21 23 3
14 20 4
4 7 1
4 7 1
5 8 3
2 6 3
17 20 2
11 15 1
13 16 3
23 1 2
6 10 4
17 18 3
19 22 4
19 22 4
23 2 1
7 11 4
22 1 2
4 8 3
5 8 4
23 3 3
16 20 4
8 9 3
16 20 4
6 10 2
6 7 3
4 6 4
0 3 2
6 9 1
21 1 1
7 9 1
14 18 2
18 21 2
6 11 3
20 0 1
16 19 4
16 19 3
2 5 4
18 21 1
10 12 2
5 8 4
