1000 8
1 1 7 5 5 6 7 8 
6 10 5
18 22 4
11 14 6
15 18 8
20 23 8
0 3 6
0 3 1
12 15 5
12 15 5
2 4 8
14 17 8
15 16 1
6 9 7
20 0 3
4 6 2
11 15 3
11 15 7
21 2 4
12 15 5
3 6 3
16 21 7
2 5 2
20 23 3
8 10 4
19 22 2
15 17 1
18 21 6
1 4 5
9 12 7
11 11 5
2 4 8
14 17 4
18 23 4
6 9 5
9 13 6
16 20 7
12 15 4
12 14 4
14 18 5
1 6 5
6 9 5
20 0 2
14 17 7
3 5 4
8 11 2
5 7 3
1 7 3
6 10 3
14 18 4
20 22 7
18 21 7
6 10 5
21 0 6
16 19 2
19 22 1
10 12 5
8 11 5
3 4 7
7 11 1
5 7 1
13 15 3
19 20 2
14 17 1
17 20 6
21 0 4
15 18 4
7 8 6
6 9 3
8 11 6
4 7 4
18 21 6
0 1 2
9 14 7
11 16 5
16 17 8
1 3 6
17 20 3
15 16 8
22 1 1
19 22 4
10 13 2
3 6 5
23 1 3
21 23 5
10 13 7
12 14 5
2 6 4
13 17 1
15 17 8
23 2 8
8 12 5
18 19 1
8 11 1
9 12 8
15 17 1
22 3 5
1 5 7
23 2 4
22 2 3
16 18 4
8 12 1
11 13 2
3 7 3
0 2 2
3 8 1
8 11 6
20 1 2
5 8 4
4 7 3
19 22 6
5 9 5
2 4 3
17 21 4
10 12 2
4 6 6
10 13 3
21 23 3
18 21 3
2 5 2
13 17 5
22 3 6
3 7 6
18 22 1
15 17 4
0 2 6
5 9 5
11 15 3
9 12 6
0 3 1
13 17 7
23 2 1
20 23 4
3 6 4
1 3 3
13 15 5
6 11 2
20 23 1
19 23 6
13 16 3
3 7 7
16 20 7
20 0 7
5 8 1
13 16 8
23 2 1
23 2 6
15 18 8
1 4 8
14 16 4
16 19 1
14 17 5
12 13 7
17 20 1
14 16 8
10 13 2
7 10 2
23 4 1
18 20 6
15 17 2
9 13 3
8 13 3
19 21 3
11 15 3
10 13 7
16 19 4
10 13 3
17 20 1
11 14 1
18 20 1
2 6 7
15 19 5
21 23 3
13 16 8
1 4 3
13 16 3
5 10 5
1 5 3
14 18 8
3 8 6
11 13 6
18 22 5
22 1 3
3 7 1
19 22 7
5 7 5
13 16 4
8 11 4
5 9 3
3 7 8
13 16 3
18 20 5
16 17 8
23 3 2
2 4 1
13 17 5
13 14 5
7 10 2
22 2 6
1 4 7
4 8 1
17 22 6
16 20 7
21 0 3
18 22 3
5 7 2
3 6 1
10 13 5
2 6 3
12 16 4
21 23 1
19 20 5
7 10 7
0 5 1
3 5 4
2 7 3
9 12 2
2 6 5
8 8 2
6 9 8
5 9 2
14 17 4
10 14 5
17 22 1
19 22 8
3 5 3
15 18 2
1 3 7
20 0 4
15 19 1
8 12 2
9 9 3
12 17 3
10 14 1
2 6 3
13 18 2
7 7 3
9 13 8
11 14 5
9 11 8
17 21 7
11 14 3
14 16 2
20 23 7
20 23 3
10 14 6
9 11 3
14 16 3
23 3 6
6 9 8
22 2 6
11 12 7
9 12 2
19 19 3
10 13 6
1 4 6
3 4 2
22 0 2
5 8 5
23 2 6
7 10 7
19 22 7
22 1 4
0 2 4
17 20 3
14 16 1
18 20 3
3 6 4
2 4 5
20 23 1
4 8 8
2 5 5
23 1 2
7 10 1
2 4 7
9 14 4
14 17 6
12 14 1
13 15 4
6 10 7
15 19 2
11 15 3
10 14 7
9 12 3
22 1 6
18 19 4
11 13 8
11 13 7
22 3 8
21 23 6
19 21 3
11 13 7
19 0 5
15 19 6
14 18 7
22 1 2
1 5 7
19 21 7
6 10 7
8 12 7
1 5 3
14 17 5
23 1 2
22 0 8
2 5 3
16 19 7
2 4 6
18 22 5
10 12 6
19 23 5
1 3 1
1 4 2
0 3 7
15 18 1
0 1 1
4 8 7
13 17 6
3 8 5
11 16 6
13 17 2
1 2 8
8 11 4
15 18 4
8 10 2
16 20 6
16 17 2
13 18 4
18 21 5
15 17 5
2 5 8
2 6 4
23 2 8
20 22 7
11 13 5
14 16 2
0 1 3
1 4 1
21 23 8
22 0 5
19 21 5
22 1 7
15 20 5
6 9 1
1 2 2
15 19 6
23 2 8
8 12 5
4 6 5
14 16 5
12 14 3
3 8 6
0 3 1
3 5 6
22 0 8
10 12 1
10 13 2
7 11 4
13 15 3
1 6 8
15 18 2
3 6 5
1 5 3
18 19 7
8 10 1
4 7 1
2 4 6
20 23 3
9 11 7
1 3 2
6 7 4
13 16 8
17 21 4
21 22 2
8 11 5
8 10 7
23 2 5
5 7 7
7 10 8
12 16 1
12 16 7
20 22 2
15 16 1
12 15 8
17 18 2
1 5 6
18 22 1
12 14 2
0 3 2
22 1 1
14 17 4
5 7 3
22 1 5
17 19 2
3 6 8
14 18 5
18 19 7
3 7 7
2 6 4
23 2 8
10 14 1
17 20 6
20 0 1
14 18 4
9 13 7
21 1 1
15 18 6
15 18 1
0 2 8
0 1 6
0 3 6
8 11 1
1 4 3
23 2 1
18 21 5
20 0 3
5 6 1
2 4 5
5 8 3
13 16 3
6 10 4
0 3 6
9 11 2
23 2 6
15 19 8
4 6 6
16 18 1
7 10 3
22 2 5
12 14 2
12 17 7
20 23 4
19 22 1
14 18 5
16 19 3
16 20 2
5 7 8
15 16 4
3 6 3
8 9 4
0 3 7
18 23 2
21 0 4
14 16 3
0 2 6
7 10 6
16 17 7
11 17 5
23 1 6
3 6 1
15 19 4
23 2 6
15 16 8
14 18 5
4 6 8
18 21 1
8 12 6
17 21 4
1 5 8
13 15 5
3 8 4
12 14 2
6 9 6
5 7 1
13 16 5
7 11 5
13 17 1
20 1 2
0 2 2
13 18 6
23 3 5
5 9 7
22 1 4
21 0 1
2 5 6
17 20 1
18 22 1
17 19 6
11 16 7
5 7 2
13 16 7
0 3 8
0 3 8
17 21 5
2 6 1
4 9 8
10 13 7
16 19 6
16 21 7
13 15 5
12 15 4
16 20 8
6 10 2
19 23 3
1 3 1
19 23 1
15 19 2
16 18 4
2 4 5
6 10 3
5 9 3
3 7 4
3 6 3
8 13 3
6 9 7
18 20 6
14 16 7
10 13 4
22 1 3
19 21 7
8 12 3
15 18 5
11 14 1
13 16 1
1 5 5
1 4 3
12 15 7
1 5 6
9 13 6
14 16 2
14 18 3
2 5 7
18 22 5
17 22 8
5 7 2
1 4 8
20 0 8
23 3 3
5 8 8
0 4 7
14 19 3
20 22 7
5 8 6
3 7 8
21 23 2
20 22 2
14 17 1
20 22 4
17 17 2
15 18 2
6 8 3
12 13 3
13 15 1
1 3 5
8 9 1
18 21 7
9 11 7
4 6 3
3 6 6
1 4 5
10 12 8
0 2 2
20 0 6
11 16 6
1 5 6
20 22 7
20 23 3
5 9 3
20 23 3
18 23 4
21 0 2
5 9 8
19 23 6
3 6 6
11 14 5
1 5 8
15 17 5
18 22 8
10 13 2
0 2 4
17 19 5
3 6 8
1 4 6
11 15 2
4 6 1
6 9 8
17 20 5
4 6 5
4 6 6
5 8 2
6 7 6
20 23 3
11 16 7
21 0 2
11 13 1
11 13 4
13 14 8
4 7 1
9 13 8
6 8 8
23 2 3
21 1 4
4 7 6
10 12 8
20 23 4
10 12 5
13 15 7
17 21 2
6 8 8
5 8 4
14 18 5
0 3 1
13 17 3
10 13 8
1 5 2
21 0 4
16 18 5
4 5 8
16 20 3
4 7 1
1 5 1
10 10 7
15 18 3
17 19 8
12 15 7
5 7 4
10 12 7
10 12 2
23 3 8
3 6 5
18 21 1
11 13 7
4 7 1
21 22 8
8 11 4
18 20 6
16 20 8
14 16 3
10 13 2
12 14 7
17 19 2
5 9 1
19 21 4
8 9 7
17 21 6
5 8 2
6 9 4
22 1 7
21 0 5
3 6 5
4 6 5
3 8 8
1 5 4
11 15 5
7 10 5
4 7 3
22 2 6
5 7 7
22 1 8
13 17 2
20 21 8
11 13 2
6 9 6
11 13 6
10 12 5
1 3 3
23 2 2
15 19 6
20 0 1
2 6 5
15 19 6
12 16 7
11 13 2
2 7 3
23 0 6
5 8 3
14 18 1
21 0 4
3 5 6
2 7 4
5 9 6
2 5 3
8 11 3
5 7 2
21 23 6
18 21 8
11 15 7
7 11 8
10 16 7
7 8 5
6 8 7
13 16 8
16 20 4
19 22 6
1 5 6
8 11 8
22 0 3
6 9 3
18 21 2
6 11 8
15 19 7
18 20 7
14 16 1
19 21 2
20 22 2
23 1 6
13 17 8
3 7 7
21 23 7
5 10 7
12 14 8
19 23 4
5 8 7
20 23 1
5 7 8
23 2 6
23 2 1
4 8 5
15 17 1
12 16 2
15 17 8
2 6 8
19 22 8
1 4 1
7 8 4
10 14 8
2 5 8
12 14 4
8 10 8
4 7 4
20 23 5
7 10 5
19 20 8
0 2 2
21 0 3
14 16 6
2 4 6
21 23 8
15 17 5
16 20 1
18 21 7
21 23 5
15 18 8
5 10 6
16 18 6
23 1 2
19 22 6
5 8 5
10 13 5
8 9 3
1 5 6
2 5 5
23 3 1
23 2 8
7 11 3
19 23 7
6 9 3
11 14 4
23 3 2
22 1 2
1 2 5
13 17 6
9 12 1
9 13 7
19 20 4
15 19 3
22 23 6
11 14 5
20 22 2
14 17 4
2 5 4
11 15 3
19 23 6
14 17 3
4 8 1
13 16 8
3 7 6
22 0 5
14 18 2
7 8 7
1 4 1
5 10 8
23 0 2
3 7 7
10 11 3
23 5 4
23 2 1
18 23 8
23 2 1
21 23 5
15 19 6
7 11 8
23 1 7
13 17 7
20 1 4
20 23 6
18 21 3
3 4 3
21 1 3
17 22 1
15 17 6
1 5 8
6 10 4
3 6 3
13 16 1
2 6 3
23 2 5
22 1 1
14 17 8
10 13 8
23 1 3
2 5 6
1 4 3
9 13 2
6 9 5
10 13 2
8 10 5
9 12 8
16 18 6
8 11 7
0 2 4
18 21 3
9 11 4
18 22 7
2 6 1
19 0 5
13 16 7
12 16 2
3 6 5
3 6 2
6 9 3
23 4 6
5 8 8
15 17 1
17 20 4
7 12 8
6 8 5
3 6 2
8 11 3
19 20 2
23 2 4
0 2 8
2 5 3
21 1 2
2 4 5
13 16 5
6 9 4
3 7 7
11 11 2
11 15 6
12 16 7
12 15 5
20 2 8
11 15 3
5 8 1
12 14 8
15 18 8
22 0 1
4 8 8
0 2 2
22 1 8
15 16 8
20 21 8
2 6 3
18 18 1
22 0 2
4 8 8
5 8 2
19 22 7
4 7 1
22 0 5
8 12 3
2 6 6
9 14 8
2 4 7
5 9 5
6 9 2
15 17 4
10 13 7
16 18 7
12 16 8
6 8 4
2 6 2
2 5 8
11 15 5
19 20 1
13 15 7
20 23 8
9 10 4
6 8 8
1 3 8
21 0 2
3 6 5
19 0 1
8 11 3
14 18 5
17 21 8
18 22 2
19 23 7
4 7 7
7 8 5
18 21 7
8 13 5
22 3 6
3 6 3
0 2 6
19 22 8
6 8 6
2 6 3
5 8 8
17 20 3
10 11 5
19 22 1
13 13 7
18 19 2
15 17 3
3 5 4
22 1 3
21 1 5
15 18 4
21 2 8
2 4 8
7 8 8
1 5 2
21 1 4
0 3 2
1 4 5
23 2 6
21 0 1
10 13 5
6 8 5
11 13 5
10 13 3
0 4 6
5 8 1
1 4 6
9 9 2
17 19 6
3 8 2
7 8 1
16 18 7
8 11 4
18 19 1
3 8 1
2 6 5
6 9 3
11 13 3
7 9 4
0 4 2
4 6 6
10 10 3
22 3 2
15 18 5
11 14 5
13 18 7
8 11 2
7 11 7
5 7 7
20 22 3
4 8 8
21 23 6
8 10 6
8 11 4
4 7 3
17 21 2
5 8 3
5 7 2
4 5 7
18 21 1
0 1 8
13 16 2
23 2 4
5 7 6
22 3 2
13 16 8
15 18 4
18 22 7
7 10 8
10 14 4
8 11 6
14 17 2
5 8 6
17 20 5
17 18 6
18 22 2
1 4 7
10 13 2
8 12 2
13 17 5
12 16 4
4 8 6
2 5 2
13 15 6
5 8 6
13 18 5
18 22 6
0 4 8
0 2 6
7 10 8
16 20 4
16 19 2
23 2 1
14 17 4
5 8 7
14 15 2
18 20 4
1 3 4
14 19 7
4 7 4
20 21 5
10 13 2
21 0 8
