200 8
6 1 4 4 2 3 4 3 
11 12 5
3 5 2
18 21 3
0 2 3
9 11 5
23 2 7
18 21 1
12 14 6
1 5 7
14 18 6
7 12 6
5 9 6
19 22 5
22 2 5
8 9 3
4 7 8
6 8 5
7 9 7
15 16 2
5 6 1
7 9 2
6 7 3
5 10 4
2 7 8
0 3 8
15 16 8
3 6 2
4 5 7
9 11 5
15 19 1
10 12 3
10 13 4
23 1 1
12 15 2
21 1 6
6 9 1
0 2 2
20 21 6
18 21 2
1 4 3
8 10 7
22 2 5
16 19 6
22 1 6
17 19 7
9 9 1
22 1 8
4 9 2
13 15 5
20 2 2
14 17 3
21 23 5
17 21 7
18 21 7
17 20 6
13 18 8
2 7 7
5 9 2
16 19 4
10 12 8
11 14 8
12 16 8
1 5 8
9 14 6
14 16 4
2 3 5
3 5 8
4 6 4
10 13 1
19 21 2
2 7 7
11 14 4
1 3 1
4 6 6
19 22 3
11 15 8
19 21 5
19 23 4
2 5 6
20 0 2
14 19 4
14 16 2
13 15 2
2 5 5
8 9 7
7 11 7
22 1 2
14 17 4
23 3 6
17 20 8
6 10 6
19 22 7
18 20 3
9 11 2
23 4 4
3 6 4
2 5 2
10 12 4
21 3 8
6 9 4
12 16 4
5 9 2
3 7 1
23 2 8
11 16 7
11 14 3
22 1 7
10 14 2
0 4 7
13 17 3
8 10 2
12 15 2
6 10 5
4 8 6
9 11 8
5 7 2
18 20 1
0 4 1
5 10 5
11 13 2
6 10 6
10 14 8
21 0 5
5 8 8
15 17 1
21 0 4
1 4 7
7 9 7
22 23 8
4 7 8
2 6 8
12 16 5
20 22 8
1 2 1
16 19 3
2 5 7
7 10 2
22 1 1
13 17 4
7 10 5
19 22 1
13 16 5
23 1 5
11 14 2
21 1 6
1 4 3
16 20 5
15 17 6
21 0 3
20 22 3
5 9 5
16 18 4
22 0 6
0 2 2
23 4 6
10 12 3
21 22 4
10 14 4
10 12 3
3 6 7
6 8 1
22 1 1
19 22 7
21 0 4
15 18 3
19 22 2
12 15 4
5 7 6
23 3 8
8 11 7
7 10 4
21 23 2
5 7 4
21 23 8
20 22 5
2 5 6
9 14 6
9 12 4
1 5 8
5 7 5
17 21 2
10 13 8
14 17 8
13 14 6
2 5 2
10 12 1
17 20 4
10 12 8
21 1 4
2 7 1
16 20 4
16 19 7
21 0 7
23 2 8
23 3 4
5 7 1
14 17 3
7 11 5
20 21 7
8 10 4
