100 4
4 4 2 2 
16 17 3
17 20 3
10 14 1
9 13 1
23 1 1
13 16 3
18 21 1
5 8 2
6 10 4
2 5 2
18 20 3
6 11 3
15 17 3
7 10 4
15 18 1
20 23 2
13 14 3
5 9 1
8 11 1
14 18 2
18 20 4
17 22 4
0 3 3
3 5 4
8 11 4
23 3 2
1 6 2
19 23 2
20 22 4
15 18 1
2 6 2
9 11 1
1 4 1
4 7 2
20 22 2
5 7 4
15 16 1
2 4 3
11 15 4
3 6 2
4 7 3
16 17 1
2 4 2
11 15 1
3 7 2
9 9 2
11 13 1
21 23 4
23 2 4
16 18 3
4 7 1
3 5 3
23 3 3
6 9 3
9 12 2
2 4 2
11 14 4
21 2 4
14 18 2
4 7 1
0 3 1
10 13 1
6 9 4
21 0 4
17 18 4
16 19 2
10 11 2
12 16 1
13 15 4
23 2 3
6 11 2
8 11 3
15 17 4
3 5 3
20 23 2
10 13 1
21 23 4
14 19 4
4 8 1
16 20 2
11 14 3
9 12 3
8 11 3
8 12 2
5 6 2
11 15 1
9 11 4
8 10 3
0 2 2
14 16 1
17 20 2
19 0 2
12 14 3
13 16 4
18 21 3
0 3 2
12 15 4
22 1 1
18 21 1
17 21 2
