100 6
3 4 6 2 1 6 
6 9 6
19 0 3
5 8 2
22 2 3
2 5 4
0 2 6
14 16 5
9 13 1
5 7 2
10 15 6
22 1 3
6 8 6
13 17 1
7 10 1
7 9 2
0 4 4
1 4 6
6 9 2
1 5 3
7 9 2
14 15 3
4 7 1
8 12 5
3 7 2
23 3 4
20 0 4
3 7 2
9 12 6
20 22 4
21 1 1
8 11 2
9 11 2
2 5 5
10 13 1
8 9 5
19 21 5
17 21 4
14 17 5
19 22 5
7 8 3
3 6 5
1 5 1
19 21 4
8 11 1
8 11 6
6 8 2
5 9 2
18 20 1
2 6 1
4 7 3
11 14 2
8 11 3
15 17 3
7 10 2
11 13 5
12 14 5
23 2 4
10 13 1
22 0 2
17 19 5
8 11 3
14 16 3
2 5 2
23 3 5
13 16 6
15 17 3
3 6 2
4 6 2
17 20 1
12 14 4
2 6 5
8 10 2
18 21 3
1 5 5
7 10 4
2 6 6
20 22 5
19 21 6
19 20 5
13 16 5
23 2 5
12 15 6
5 9 2
20 0 4
4 5 5
3 6 6
12 17 6
21 23 5
11 13 6
3 6 3
23 3 2
2 6 1
18 22 2
9 11 2
11 15 5
22 2 5
18 21 4
8 11 6
8 11 2
0 4 3
