200 6
1 2 4 2 4 1 
6 10 2
6 8 1
7 7 6
12 15 3
20 0 6
6 11 2
9 11 1
9 12 4
8 12 3
23 2 6
12 14 3
4 8 6
5 7 3
3 6 2
21 23 4
1 4 4
4 6 2
21 1 6
6 10 4
5 8 5
7 11 2
21 23 5
22 1 1
9 12 5
4 9 5
1 3 2
10 13 6
12 15 5
12 16 4
19 21 2
8 10 3
14 17 4
10 12 2
13 17 2
2 7 3
19 21 5
2 5 5
0 4 6
17 19 3
8 12 4
14 19 1
5 6 4
16 20 6
6 11 3
2 5 6
2 3 1
20 22 3
23 1 6
5 8 6
23 4 6
12 16 6
0 2 2
11 15 1
16 19 5
23 1 5
19 21 5
8 11 2
5 8 4
8 9 4
6 11 5
1 4 2
14 15 5
19 21 6
9 11 3
0 3 4
3 4 1
8 13 2
8 12 2
5 6 1
6 8 5
23 3 5
2 6 2
4 7 1
20 23 1
1 4 3
3 7 1
9 14 2
16 18 1
12 15 2
6 10 1
9 11 6
13 14 6
9 12 6
12 17 6
7 11 3
13 15 3
5 7 5
8 11 2
22 2 3
6 9 2
6 9 1
16 19 6
6 11 5
19 23 3
18 21 2
22 23 6
20 23 5
5 8 3
9 11 6
17 21 6
0 3 3
15 18 1
1 4 6
0 2 5
0 4 1
6 7 6
5 7 6
3 7 3
9 11 3
5 8 3
17 20 5
8 11 6
18 21 5
3 6 4
2 4 2
20 23 3
17 19 2
15 19 3
10 14 5
6 8 4
5 7 1
22 23 6
23 1 4
22 1 4
14 17 4
15 18 6
16 20 3
5 7 4
1 5 1
13 17 2
9 12 6
11 14 4
3 5 5
6 9 2
12 16 2
11 13 6
3 6 2
19 22 3
2 4 6
4 7 3
1 5 5
18 21 3
11 15 4
20 23 5
7 10 2
7 11 2
6 9 6
13 15 6
15 18 1
14 16 2
11 13 6
8 12 4
4 9 2
9 14 4
7 9 3
6 8 6
10 13 6
15 18 5
9 12 2
13 18 1
6 10 1
5 8 6
9 14 3
7 11 2
3 7 2
4 7 4
22 2 5
22 0 2
20 22 2
7 11 3
4 6 5
12 15 4
11 15 5
13 15 1
2 6 3
9 12 3
17 20 1
20 22 4
14 15 1
20 22 5
15 17 1
14 18 4
7 8 1
15 18 1
21 1 1
13 16 4
8 12 3
16 19 2
5 6 1
4 7 1
7 10 1
13 16 1
4 7 3
23 2 1
9 11 6
5 8 2
11 16 6
10 13 6
22 2 5
6 9 1
