100 10
2 6 1 4 4 10 2 3 9 4 
3 6 6
17 18 6
9 12 8
21 0 3
23 1 5
7 10 5
17 19 1
6 9 9
12 17 9
16 18 6
15 19 7
17 20 4
10 12 3
11 12 2
14 17 6
22 0 6
22 2 5
18 22 2
17 21 3
17 20 7
10 12 1
13 17 1
17 21 3
12 17 7
20 22 5
19 23 5
19 23 8
21 2 4
8 11 3
4 7 7
8 8 4
10 11 2
10 13 8
6 8 4
5 9 5
22 0 8
7 11 1
5 9 2
0 4 10
19 21 3
15 17 6
15 19 9
0 4 2
17 20 4
15 17 4
22 2 6
9 13 3
14 16 10
1 5 8
7 10 9
23 2 6
12 15 2
16 20 7
17 19 5
21 22 6
20 23 1
21 0 7
6 8 1
20 21 6
19 22 5
23 0 6
8 10 8
3 5 1
0 1 9
21 0 3
7 10 5
1 4 7
5 8 1
3 4 9
5 7 9
0 1 9
22 3 8
13 16 2
8 12 5
16 19 3
10 16 8
7 10 2
17 19 3
3 5 5
14 18 7
1 4 7
12 14 9
4 9 1
18 22 8
11 14 7
15 18 4
21 0 2
9 13 10
5 7 6
3 6 5
2 6 10
15 19 10
18 21 2
18 20 3
9 13 8
13 16 2
6 8 8
3 7 5
20 22 2
0 2 2
