90 8
7 3 3 1 7 5 1 8 
21 23 8
2 6 1
15 18 2
7 11 6
14 16 6
16 19 3
16 19 8
6 11 3
10 13 6
15 18 6
12 15 5
17 19 7
4 6 3
21 23 1
4 7 3
10 12 2
9 12 7
8 11 5
4 6 5
15 19 7
23 2 2
14 17 3
12 15 3
10 13 2
16 17 2
9 11 4
12 15 3
1 6 3
15 18 4
22 1 3
11 13 1
0 3 8
8 12 7
22 1 1
1 4 4
7 13 1
7 10 2
6 9 7
6 9 5
23 1 1
3 7 5
17 21 2
3 6 8
4 8 8
8 12 5
21 1 4
11 14 5
9 11 7
4 7 1
8 11 1
13 16 5
10 13 5
0 1 6
4 8 3
7 11 6
10 14 8
10 13 5
21 0 5
17 19 8
20 23 2
23 2 7
12 15 2
8 11 1
10 15 7
5 10 2
10 12 7
7 11 3
22 0 3
4 5 1
11 15 8
6 8 3
17 22 2
8 10 3
20 23 2
21 23 7
22 0 3
11 16 4
3 6 5
5 8 8
8 10 6
17 20 3
16 17 1
12 16 8
20 22 6
8 11 4
15 18 4
16 19 4
0 3 5
23 2 6
23 3 3
