70 8
5 7 8 5 7 7 4 1 
13 15 8
20 22 1
3 6 7
21 1 6
16 19 1
18 20 1
19 21 8
17 20 7
12 15 1
11 13 7
3 5 2
8 10 4
4 7 7
23 2 3
0 2 7
12 14 5
13 17 4
20 1 1
10 14 1
20 0 6
18 22 1
13 15 2
16 19 2
13 15 1
16 19 3
14 18 3
5 8 6
2 6 2
2 7 4
14 17 5
7 10 5
3 4 2
18 21 8
4 7 3
3 7 7
17 22 6
10 14 8
18 23 4
14 18 6
11 14 5
23 1 7
4 8 6
20 1 5
9 12 5
12 14 1
13 17 4
11 13 5
7 11 2
2 6 2
18 21 8
9 12 8
3 6 8
7 10 2
23 4 4
12 15 7
13 15 4
2 4 2
19 21 3
5 6 7
7 10 2
23 3 8
13 15 7
14 17 4
2 3 2
14 19 6
20 23 6
1 5 1
1 4 5
4 8 2
9 12 2
