80 4
2 4 1 2 
18 19 1
3 6 1
0 2 1
7 11 2
5 8 2
9 13 1
15 18 4
14 18 4
8 10 4
17 21 1
13 15 1
17 19 2
18 20 3
22 1 4
20 0 2
18 21 2
9 12 3
2 5 3
13 15 3
3 6 4
0 3 4
1 4 3
21 0 1
7 11 2
17 20 2
2 4 2
5 9 3
21 23 4
15 18 1
10 13 3
21 23 4
0 3 3
11 14 3
23 1 2
17 21 4
22 0 2
0 1 3
19 22 1
23 3 4
18 22 3
20 22 3
14 17 2
16 19 1
10 14 4
3 7 3
23 3 3
2 5 4
18 21 4
14 16 1
0 2 4
15 17 3
18 20 3
23 2 4
19 22 2
23 2 2
4 8 3
20 23 1
18 21 2
23 1 1
6 9 1
2 4 3
13 16 1
0 4 2
23 3 3
17 21 2
6 8 3
12 15 4
11 15 3
19 22 3
12 15 1
6 8 2
2 5 4
23 2 1
18 22 2
21 23 3
12 15 1
13 16 4
11 14 4
14 17 1
14 16 1
