80 10
6 1 2 2 8 4 7 1 5 6 
13 16 6
12 15 7
16 19 3
14 17 4
11 15 2
20 23 8
9 12 5
21 2 6
4 7 10
4 7 4
18 21 2
2 6 2
16 19 9
13 17 10
19 23 6
13 16 9
16 19 8
8 12 3
22 1 2
7 11 7
16 20 7
3 5 1
22 2 5
7 11 4
22 1 3
2 3 3
17 20 5
14 18 6
21 0 5
2 5 4
13 17 10
21 23 3
6 9 7
9 11 8
15 17 6
1 6 5
5 9 4
21 0 7
2 5 2
2 4 1
11 16 10
5 8 3
10 14 3
0 1 5
18 20 7
1 5 2
18 21 3
4 7 8
6 9 3
21 22 8
21 0 6
15 16 10
22 1 4
16 21 7
15 18 10
18 21 4
5 7 3
12 15 9
8 13 5
15 18 2
22 1 1
7 9 2
7 9 9
17 19 4
21 0 6
11 14 7
8 10 5
4 6 4
17 22 6
18 22 7
23 2 1
3 6 2
4 6 9
13 16 2
5 9 8
4 8 6
17 21 3
22 2 8
15 20 9
18 20 9
