90 10
10 1 5 8 6 9 8 10 10 4 
18 23 6
18 22 4
22 1 7
15 18 1
19 21 9
17 19 3
13 16 8
17 21 6
3 7 6
5 6 4
4 6 3
21 0 1
12 14 2
5 7 2
20 0 3
17 21 7
8 12 4
7 10 6
9 11 3
19 22 3
0 3 9
23 2 5
0 4 1
17 19 3
11 15 5
12 14 10
14 18 1
14 17 2
22 1 8
18 23 6
22 1 3
0 2 3
23 1 1
16 18 5
18 23 1
19 0 2
17 20 1
6 7 5
0 1 7
15 18 2
8 11 9
21 3 5
23 4 7
9 12 9
10 13 10
14 16 7
14 17 5
20 22 2
10 13 2
18 21 2
6 9 1
21 23 3
7 10 8
17 18 10
0 3 6
19 22 9
10 14 3
4 6 4
3 6 6
11 15 1
20 22 5
16 18 4
10 13 3
19 0 8
12 15 2
11 14 10
2 5 10
23 1 8
19 22 5
7 10 5
20 23 3
2 6 2
1 5 3
11 15 8
6 9 9
9 12 6
19 22 2
1 3 2
5 8 10
5 8 6
1 4 9
10 12 2
7 11 9
22 1 7
5 7 4
19 22 10
7 11 7
17 19 3
23 2 2
8 10 8
