200 10
7 7 8 3 6 9 4 6 1 5 
18 20 3
5 9 6
8 12 4
16 18 6
20 22 7
3 6 4
3 6 2
0 3 9
12 15 3
12 15 3
14 16 7
13 16 6
17 20 4
22 1 4
21 0 6
22 3 1
12 15 3
8 11 9
21 0 7
14 16 1
4 7 6
18 21 4
6 10 2
9 11 10
18 22 9
7 10 7
14 16 7
7 9 5
3 5 3
6 9 6
16 21 2
4 7 1
5 7 10
2 6 10
7 12 6
21 0 7
10 14 4
5 7 4
15 20 6
4 7 9
9 15 2
4 7 1
6 10 10
22 1 6
18 21 1
8 10 1
22 2 4
3 7 6
20 22 10
19 22 1
2 5 6
10 11 7
15 18 5
17 19 2
14 15 2
4 6 9
17 20 2
8 9 5
7 12 3
18 22 10
10 14 8
4 6 3
4 7 2
7 9 3
1 6 2
3 7 2
19 21 8
20 23 8
0 4 7
15 19 9
9 12 5
2 5 10
4 6 9
21 0 4
12 16 6
9 10 10
7 11 1
3 5 3
3 5 9
4 7 9
7 10 8
3 5 6
1 5 4
3 6 5
14 16 4
2 5 5
15 19 2
6 11 8
10 13 10
14 16 5
13 17 1
14 17 10
18 21 6
12 15 1
22 1 2
20 23 8
6 10 9
1 3 2
10 12 8
9 12 10
15 19 1
4 5 9
13 17 9
5 9 5
11 12 2
6 8 9
0 3 6
18 22 3
8 11 5
0 2 5
7 9 8
15 18 5
5 8 4
16 18 1
9 11 2
15 18 9
13 15 6
4 6 6
23 4 1
9 11 4
22 0 7
5 6 3
5 8 8
21 23 6
23 2 8
21 23 9
14 16 4
16 19 4
14 18 8
3 5 2
10 13 9
16 19 10
11 15 10
14 16 3
19 21 7
17 21 7
11 14 10
0 3 3
4 7 8
15 18 7
17 20 9
4 7 10
23 1 10
7 11 9
4 7 5
0 3 1
10 13 4
5 9 1
18 22 3
14 17 7
21 1 9
8 12 9
18 21 10
2 6 1
23 1 8
22 2 4
7 9 3
5 7 2
1 3 1
22 1 7
14 16 10
9 12 8
22 1 8
16 19 5
20 23 7
22 0 5
23 2 10
3 5 1
13 16 10
6 9 6
19 0 9
6 7 2
4 8 10
14 16 6
19 21 9
17 19 5
15 17 5
9 14 7
5 10 2
0 2 5
8 10 9
13 14 7
18 18 2
4 7 7
10 13 4
18 22 9
23 3 3
13 16 7
6 9 6
14 18 9
14 16 8
13 16 3
23 1 1
19 0 9
2 5 10
21 22 10
2 6 10
11 13 8
12 16 2
13 16 3
