70 6
1 5 5 5 5 1 
15 20 2
7 10 4
4 7 5
2 7 5
10 12 5
12 16 1
3 8 1
6 9 6
12 15 3
18 21 2
19 21 2
1 4 2
8 14 2
2 4 5
0 3 5
2 6 4
20 23 5
19 22 1
22 0 3
8 10 5
6 10 4
5 7 4
3 8 4
4 6 1
15 18 1
15 19 6
0 3 3
10 13 4
0 2 2
14 17 3
3 5 2
5 8 3
4 6 6
8 11 5
15 19 1
17 21 2
2 6 6
2 5 6
8 11 3
15 18 4
23 3 4
10 12 2
16 18 4
18 22 2
0 2 4
13 17 2
10 13 1
6 10 5
14 17 3
16 20 4
17 18 2
10 13 3
15 19 2
18 20 1
2 5 5
22 0 3
0 4 5
16 19 4
2 6 3
10 12 3
23 2 4
19 23 2
12 17 4
22 0 1
7 9 5
11 15 6
18 22 6
7 11 1
18 20 2
8 11 3
