100 8
3 1 5 3 4 7 7 5 
2 4 3
13 16 1
8 9 5
7 10 7
15 18 6
9 10 6
7 10 4
11 13 4
19 22 3
2 6 4
4 7 5
1 2 8
11 13 3
16 21 2
11 15 8
21 0 3
8 12 3
11 13 8
10 13 4
2 6 1
14 18 6
21 0 8
22 3 6
12 15 4
7 11 4
13 16 3
7 10 5
18 23 8
5 8 3
18 19 8
12 17 4
18 22 5
20 23 2
20 0 3
17 21 2
13 16 6
17 20 3
9 16 6
10 13 1
20 1 8
5 9 3
20 22 7
21 0 2
23 2 7
5 8 2
8 11 7
6 8 8
13 16 4
1 5 7
20 0 1
17 19 7
7 12 5
12 13 3
19 23 7
4 6 2
20 1 3
16 17 2
12 13 8
3 6 1
6 10 4
6 8 4
7 11 5
8 13 6
4 6 4
12 16 7
6 9 3
14 17 5
13 17 4
20 23 1
11 14 4
2 5 3
17 19 7
21 23 6
21 23 2
19 22 6
20 23 6
7 9 3
15 17 4
3 6 1
8 11 4
6 7 6
12 16 1
21 23 6
7 11 3
3 6 7
5 6 8
13 17 8
23 2 7
17 21 1
11 12 4
3 5 6
18 20 5
15 18 4
20 1 3
10 14 5
19 22 5
7 11 4
16 20 3
22 1 6
23 2 2
