80 6
1 1 1 4 4 6 
21 0 6
15 19 1
14 17 5
9 11 5
1 6 1
16 20 3
18 20 4
0 4 1
7 10 2
6 11 6
6 8 6
20 23 3
17 21 6
0 4 6
1 3 3
0 5 2
9 13 4
22 1 4
23 2 2
5 7 5
18 19 4
10 14 1
17 18 2
16 18 6
7 10 1
0 3 3
16 17 1
0 2 3
15 20 6
0 3 6
8 10 4
1 4 1
23 3 6
4 7 1
23 1 3
8 10 5
12 16 2
7 11 1
23 2 2
5 8 3
22 0 1
5 9 6
17 20 5
10 14 3
8 11 4
1 5 6
12 12 5
14 17 6
14 17 3
18 22 1
14 17 4
2 3 4
13 16 6
7 10 6
1 3 1
8 11 1
18 22 2
0 2 6
14 17 1
15 16 3
22 0 6
5 7 2
21 0 1
21 23 5
6 10 2
16 20 1
17 19 4
15 18 4
10 14 2
9 12 2
11 15 2
5 10 1
20 23 2
21 0 3
11 14 4
0 4 4
10 13 3
22 0 6
15 18 6
16 19 2
