90 4
4 1 1 4 
22 1 4
18 19 3
21 22 1
3 4 4
1 5 3
23 4 1
20 23 4
9 12 3
16 20 2
12 16 3
7 10 4
2 6 3
1 4 1
22 0 2
14 17 1
1 6 3
5 8 1
20 1 4
12 16 1
3 5 2
7 10 3
7 9 3
4 7 1
6 9 4
10 13 1
5 7 3
21 23 4
5 9 2
3 5 1
1 3 4
14 17 3
6 10 4
15 19 4
2 5 4
7 9 3
22 1 2
17 22 2
12 14 3
14 18 4
0 3 4
12 15 3
5 9 1
19 22 3
15 18 2
12 14 4
9 12 3
22 1 1
11 13 4
18 22 2
8 9 3
22 2 1
2 5 1
18 21 2
1 4 2
8 12 3
2 3 1
4 8 4
17 20 4
12 16 4
4 7 4
10 14 4
0 4 1
2 5 4
22 2 4
16 18 2
22 1 2
20 23 2
8 12 2
14 16 1
4 7 3
17 20 2
10 12 2
17 21 4
21 0 1
20 23 1
10 14 4
19 22 1
9 13 3
23 1 2
9 12 3
0 3 2
10 15 2
21 0 1
5 8 1
21 23 2
11 15 3
3 4 1
22 2 4
22 4 4
20 2 1
