70 4
1 3 3 4 
21 0 4
6 10 2
17 19 3
12 17 2
1 6 2
16 20 3
1 4 1
10 14 1
13 17 4
2 4 1
4 8 4
2 4 4
8 11 3
22 3 1
1 5 2
17 20 3
9 9 3
23 3 2
10 15 3
4 7 4
11 13 4
17 19 3
22 1 1
9 11 2
13 18 2
21 0 2
21 0 2
2 5 4
9 11 3
12 14 4
3 7 3
20 0 2
7 9 1
1 4 1
11 12 3
19 23 1
9 12 3
8 12 4
9 12 1
0 4 3
10 13 3
23 1 1
12 13 3
7 9 1
18 21 3
10 13 3
17 20 4
12 16 4
12 14 2
14 18 4
9 12 3
13 16 2
8 10 1
19 22 2
3 6 1
1 3 4
20 23 2
4 7 2
15 17 3
7 10 3
17 20 2
1 5 4
22 0 4
11 14 2
9 13 2
8 11 1
8 12 1
14 17 3
6 6 2
17 21 4
