90 6
1 5 2 4 2 3 
0 4 3
15 18 3
14 16 6
14 16 1
6 10 6
2 3 6
19 0 4
6 10 1
20 0 4
1 3 4
16 20 2
16 20 5
3 7 1
9 12 1
10 15 3
6 10 4
10 13 4
13 14 1
17 19 2
16 17 1
14 17 6
20 22 3
14 18 1
16 17 3
5 9 2
17 20 4
6 9 1
6 9 1
4 7 5
21 23 5
11 14 4
10 14 5
7 11 2
13 18 6
19 23 3
9 12 5
6 7 6
19 23 2
12 16 3
8 11 6
6 8 1
12 15 5
0 2 3
11 14 6
5 8 4
14 16 4
6 9 6
6 9 6
9 13 3
16 21 4
21 0 3
8 8 6
2 5 3
8 10 6
19 22 6
7 9 5
4 6 4
2 5 4
6 9 2
9 12 2
16 17 1
13 16 2
12 15 5
16 18 5
4 5 2
7 9 6
11 13 5
11 14 3
18 20 5
10 12 4
22 3 2
18 20 1
6 9 1
2 5 4
12 13 2
19 22 3
9 12 6
14 16 5
16 20 5
2 5 3
7 10 2
21 23 1
9 10 1
18 21 3
0 2 4
4 8 3
20 22 6
16 20 3
16 20 5
15 16 1
