70 10
6 5 2 10 9 6 1 5 4 2 
5 6 7
14 18 10
21 2 1
10 13 3
6 11 8
18 21 7
2 4 2
17 20 10
10 13 2
22 1 1
17 20 1
11 16 8
5 6 3
7 8 4
22 1 2
22 1 4
0 2 7
6 9 3
20 22 9
10 13 3
14 17 3
17 20 3
7 10 2
18 23 7
19 23 9
14 18 5
17 21 2
2 6 5
14 16 4
10 13 7
19 22 1
17 21 10
8 12 1
2 6 7
20 1 8
23 3 8
22 1 3
7 9 5
21 2 8
0 3 3
1 3 9
15 18 3
5 9 8
5 8 2
19 22 5
15 18 10
0 2 6
12 16 10
2 5 6
19 0 2
17 20 10
2 7 5
6 9 5
16 18 10
15 17 2
19 22 1
12 16 4
22 1 9
16 20 6
15 18 3
22 0 4
1 4 2
10 13 10
13 16 9
3 5 1
23 1 1
0 2 8
6 10 7
19 23 9
14 18 2
