80 8
7 8 2 2 8 2 7 5 
8 11 5
16 20 6
13 17 4
1 5 2
13 14 4
4 6 4
12 16 5
0 3 7
1 3 7
5 9 4
18 19 2
1 4 1
12 16 3
2 4 1
11 13 5
22 2 5
5 10 1
22 0 6
2 6 4
22 3 6
19 22 8
16 18 1
13 15 8
21 23 4
6 10 2
11 14 5
1 3 3
3 6 4
16 18 8
13 15 1
19 22 8
13 17 7
11 14 1
13 17 7
23 3 1
18 19 8
17 18 2
7 8 5
9 13 7
10 14 1
1 6 1
4 6 7
23 2 3
4 7 2
16 20 1
7 11 7
11 15 7
22 2 7
1 2 8
20 0 5
15 16 2
15 19 6
0 2 8
11 15 5
12 16 2
23 2 5
1 4 7
18 19 2
3 6 4
5 7 4
15 18 1
6 9 1
18 21 3
14 16 3
17 21 4
6 9 5
15 17 6
1 3 6
16 19 6
21 0 4
13 14 2
8 10 1
13 16 5
15 16 3
12 16 1
22 1 8
12 14 4
21 2 7
3 6 6
19 21 7
