100 4
4 3 1 2 
4 7 2
1 6 4
6 8 1
9 13 1
11 14 4
2 5 2
19 23 4
4 9 4
6 9 4
22 1 4
7 10 2
7 11 4
14 17 4
0 2 2
7 9 2
16 17 1
9 12 1
22 2 1
3 5 2
21 2 2
3 5 1
20 22 1
3 7 2
21 23 3
20 1 2
12 14 1
2 4 2
20 20 3
12 16 4
1 4 2
12 16 2
22 0 1
17 20 1
2 4 3
1 4 4
12 14 3
15 17 1
11 14 4
10 13 3
23 2 1
7 10 2
23 1 1
6 9 2
23 1 2
19 23 1
5 8 2
0 2 1
7 10 3
19 22 1
12 14 1
19 22 4
20 23 2
16 18 3
5 7 3
22 1 3
5 8 1
7 10 4
15 17 2
6 10 3
17 20 4
16 18 2
1 2 3
14 16 1
5 7 1
18 21 2
9 10 1
22 23 2
16 15 1
23 1 3
15 20 3
10 13 1
17 20 3
0 3 2
11 13 3
15 16 3
12 15 2
11 14 3
22 1 4
2 4 3
5 9 4
4 7 2
2 5 4
8 11 4
10 13 1
6 8 2
2 5 2
6 9 1
8 13 1
1 3 2
20 21 3
20 0 3
13 17 3
7 12 4
12 17 3
9 12 4
13 16 4
22 0 4
20 22 1
14 16 1
18 22 3
